eval_loss = 2.4615527489998206
mcc = 0.4606410655140295
